-130.358 -13.8991 982.104 
-100.359 -13.8359 982.385 
-70.3607 -13.7728 982.667 
-40.3621 -13.7096 982.949 
-10.3635 -13.6465 983.231 
-130.215 8.28378 961.907 
-100.216 8.34693 962.189 
-70.2177 8.41008 962.47 
-40.2191 8.47322 962.752 
-10.2205 8.53637 963.034 
-130.072 30.4666 941.71 
-100.073 30.5298 941.992 
-70.0747 30.5929 942.274 
-40.0761 30.6561 942.556 
-10.0775 30.7192 942.837 
-129.929 52.6495 921.514 
-99.9303 52.7126 921.796 
-69.9317 52.7758 922.077 
-39.9331 52.8389 922.359 
-9.93447 52.9021 922.641 
-129.786 74.8323 901.317 
-99.7873 74.8955 901.599 
-69.7887 74.9586 901.881 
-39.7901 75.0218 902.163 
-9.79147 75.0849 902.444 
-129.643 97.0152 881.121 
-99.6443 97.0783 881.403 
-69.6457 97.1415 881.684 
-39.6471 97.2046 881.966 
-9.64847 97.2678 882.248 
-129.5 119.198 860.924 
-99.5013 119.261 861.206 
-69.5027 119.324 861.488 
-39.5041 119.387 861.769 
-9.50547 119.451 862.051 
